GATE_TL_OE: 175,1242,48,35
GATE_TL_LM: 1214,1327,48,35
GATE_DS_SB: 1181,429,48,35
GATE_LF_SB: 516,595,48,35
GATE_TL_VS: 1324,1327,48,35
TL_B01: 675,1826,100,41
TL_D01: 932,1813,136,132
TL_C03: 491,1073,48,114
TL_S01: 669,1869,48,121
TL_A01: 671,305,76,38
TL_B02: 529,1061,103,35
TL_C01: 1042,1070,48,121
TL_C02: 746,1002,136,78
TL_A02: 744,1750,48,35
TL_S02: 1043,1110,48,35
TL_E01: 882,1047,244,35
TL_A03: 1011,333,49,35
TL_B03: 1172,209,48,74
TL_E02: 1081,1712,151,80
TL_G01: 1221,1706,247,72
TL_S03: 1226,219,48,35
TL_A04: 446,1235,48,35
TL_AC01: 1198,1202,1418,73
TL_B07: 563,1099,48,75
TL_C09: 777,1828,151,35
TL_C10: 516,347,156,35
TL_A06: 629,306,48,35
TL_B08: 487,493,96,35
TL_A07: 566,1232,60,35
TL_S06: 582,491,48,35
TL_A08: 614,1239,60,35
TL_A09: 662,497,48,35
TL_B09: 707,1239,108,35
TL_A10: 792,495,48,35
TL_B10: 347,493,100,35
TL_K01: 207,1269,558,44
TL_B11: 619,1981,99,35
TL_F03: 269,448,152,155
TL_S07: 403,460,48,25
TL_B14: 311,1236,112,35
TL_V02: 1465,1246,1129,38
TL_S08: 2385,484,48,35
TL_B06: 1718,466,56,73
TL_B15: 2081,484,52,37
TL_B16: 2339,486,52,37
TL_A11: 1787,509,53,12
TL_A12: 1788,486,52,11
TL_A13: 1601,509,53,12
TL_A14: 1665,509,53,12
TL_A15: 2015,509,53,12
TL_A16: 2141,510,53,12
TL_A17: 2210,509,53,12
TL_A18: 2277,510,53,12
TL_A19: 1600,486,52,11
TL_A20: 1662,486,52,11
TL_A21: 2017,487,52,11
TL_A22: 2141,486,52,11
TL_A23: 2210,486,52,11
TL_A24: 2276,486,52,11
TL_H04: 101,583,412,78
TL_A42: 258,671,48,40
TL_S13: 229,1409,48,35
TL_A25: 1546,478,48,35
TL_D05: 1131,296,48,150
TL_F04: 1029,212,104,121
TL_S10: 1128,446,48,35
TL_S12: 2584,1245,48,35
TL_B19: 1021,171,100,39
TL_B20: 965,880,100,35
TL_C13: 1066,880,152,35
TL_B21: 1104,146,100,35
TL_G02: 1070,921,220,115
TL_B22: 1220,879,100,35
TL_B23: 1205,147,100,35
TL_A39: 1059,136,48,35
TL_P01: 1190,1083,809,121
TL_C04: 1146,1054,151,35
TL_C14: 1597,1291,174,35
TL_D02: 1536,1125,200,37
TL_C05: 1315,1124,162,37
TL_D03: 1771,1124,201,37
TL_S04: 1865,1094,48,35
TL_A28: 1303,1257,48,16
TL_A29: 1406,493,48,13
TL_A30: 1414,1230,41,25
TL_B24: 1349,1245,70,32
TL_B18: 1453,493,96,21
TL_A31: 1117,802,70,41
TL_A32: 301,2027,53,12
TL_A33: 370,540,53,12
TL_A34: 425,541,53,12
TL_A35: 503,541,53,12
TL_A36: 565,541,53,12
TL_A37: 627,541,53,12
TL_A38: 689,541,53,12
TL_D06: 982,753,204,52
TL_D04: 10,577,56,156
TL_C15: 1475,1144,48,118
TL_A40: 1512,1186,48,35
TL_B25: 1534,1177,91,57
TL_C16: 1151,1169,131,40
TL_B26: 64,600,48,75
TL_V01: 175,1197,1017,81
TL_A27: 304,534,48,35
