GATE_TL_OE: 83,991,48,35
GATE_TL_SL: 2453,409,48,35
GATE_DS_SB: 1090,350,48,35
GATE_LF_SB: 424,517,48,35
GATE_SB_VS: 1368,760,48,35
TL_B01: 584,1403,100,41
TL_D01: 840,1390,136,132
TL_C03: 399,822,48,114
TL_S01: 577,1446,48,121
TL_A01: 580,227,76,38
TL_B02: 438,811,103,35
TL_C01: 950,819,48,121
TL_C02: 655,751,136,78
TL_A02: 652,1327,48,35
TL_S02: 952,860,48,35
TL_E01: 790,797,244,35
TL_A03: 919,254,49,35
TL_B03: 1081,131,48,74
TL_E02: 989,1289,151,80
TL_G01: 1130,712,247,72
TL_S03: 1134,140,48,35
TL_I01: 861,581,152,120
TL_A04: 354,985,48,35
TL_AC01: 1107,951,1418,73
TL_B07: 471,848,48,75
TL_C09: 685,1405,151,35
TL_C10: 426,268,152,35
TL_A06: 538,228,48,35
TL_B08: 395,414,96,35
TL_A07: 474,982,60,35
TL_S06: 491,412,48,35
TL_A08: 522,988,60,35
TL_A09: 571,418,48,35
TL_B09: 615,988,108,35
TL_A10: 700,416,48,35
TL_B10: 255,414,100,35
TL_K01: 115,1019,558,44
TL_B11: 527,1558,99,35
TL_F03: 177,369,152,155
TL_S07: 311,381,48,25
TL_B14: 219,986,112,35
TL_V02: 1374,996,1129,38
TL_S08: 2294,405,48,35
TL_B06: 1627,387,56,73
TL_B15: 1989,406,52,37
TL_B16: 2247,407,52,37
TL_A11: 1696,430,53,12
TL_A12: 1697,407,52,11
TL_A13: 1509,431,53,12
TL_A14: 1573,431,53,12
TL_A15: 1923,430,53,12
TL_A16: 2049,431,53,12
TL_A17: 2118,431,53,12
TL_A18: 2185,431,53,12
TL_A19: 1509,408,52,11
TL_A20: 1571,407,52,11
TL_A21: 1925,408,52,11
TL_A22: 2050,408,52,11
TL_A23: 2118,407,52,11
TL_A24: 2184,407,52,11
TL_H04: 10,526,412,35
TL_A25: 1453,397,48,35
TL_D05: 1040,217,48,150
TL_F04: 937,134,104,121
TL_S10: 1037,367,48,35
TL_S11: 900,686,48,35
TL_S12: 2492,994,48,35
TL_P01: 1131,1411,809,121
TL_C04: 1054,803,151,35
TL_D02: 1451,866,200,37
TL_C05: 1205,878,162,37
TL_D03: 1750,877,201,37
TL_S04: 1837,855,48,35
TL_A28: 1211,436,48,16
TL_A29: 1313,394,48,13
TL_A30: 1326,987,41,25
TL_C11: 1259,396,99,60
TL_B18: 1363,410,96,21
TL_V01: 83,946,1017,81
GATE_SB_TM: 632,374,48,35
TL_UNFINISHED2: 684,374,152,115
TL_A27: 211,454,48,35
